14.134725141734695
21.022039638771556
25.010857580145689
30.424876125859512
32.935061587739192
37.586178158825675
40.918719012147498
43.327073280915002
48.005150881167161
49.773832477672300
52.970321477714464
56.446247697063392
59.347044002602352
60.831778524609810
65.112544048081602
67.079810529494168
69.546401711173985
72.067157674481905
75.704690699083926
77.144840068874799
79.337375020249368
82.910380854086029
84.735492980517051
87.425274613125225
88.809111207634459
92.491899270558491
94.651344040519888
95.870634228245308
98.831194218193687
101.317851005731384
103.725538040478341
105.446623052326089
107.168611184276401
111.029535543169672
111.874659176992637
114.320220915452708
116.226680320857554
118.790782865976212
121.370125002420650
122.946829293552582
124.256818554345770
127.516683879596499
129.578704199956064
131.087688530932667
133.497737202997598
134.756509753373876
138.116042054533438
139.736208952121387
141.123707404021133
143.111845807620625
146.000982486765508
147.422765342559615
150.053520420784878
150.925257612241467
153.024693811198887
156.112909294237880
157.597591817594065
158.849988171420506
161.188964137596031
163.030709687181997
165.537069187900414
167.184439978174510
169.094515415568821
169.911976479411692
173.411536519591550
174.754191523365733
176.441434297710430
178.377407776099972
179.916484020257002
182.207078484366463
184.874467848387496
185.598783677707473
187.228922583501856
189.416158656016933
192.026656360713787
193.079726603845700
195.265396679529232
196.876481840958320
198.015309676251917
201.264751943703800
202.493594514140540
204.189671803104545
205.394697202163286
207.906258887806217
209.576509716856265
211.690862595365303
213.347919359712677
214.547044783491430
216.169538508263713
219.067596349021386
220.714918839314009
221.430705554693333
224.007000254604321
224.983324669582288
227.421444279679292
229.337413305525359
231.250188700499166
231.987235253180245
233.693404178908310
236.524229665816193
237.769820480925205
239.555477573327636
241.049157796216576
242.823271934222589
244.070898497078161
247.136990074897511
248.101990060148466
249.573689644707201
251.014947795016013
253.069986747999479
255.306256454914035
256.380713694434462
258.610439491531395
259.874406989677993
260.805084504596891
263.573893904870147
265.557851838876331
266.614973781501078
267.921915082824057
269.970449023997617
271.494055641644991
273.459609188403306
275.587492649343858
276.452049503132912
278.250743529841941
279.229250927745170
282.465114765052078
283.211185733233890
284.835963980904751
286.667445363002912
287.911920501422173
289.579854929218811
291.846291329067412
293.558434139356280
294.965369619265516
295.573254878958267
297.979277061943435
299.840326053721299
301.649325462194156
302.696749589606895
304.864371340857303
305.728912602036814
307.219496128170078
310.109463146701898
311.165141530355982
312.427801180600909
313.985285731158910
315.475616089475750
317.734805942370201
318.853104256316612
321.160134309113573
322.144558672482958
323.466969557512073
324.862866051739616
327.443901261905467
329.033071680480930
329.953239728233882
331.474467582663408
333.645378524869841
334.211354833244400
336.841850428390671
338.339992850806595
339.858216725363548
341.042261111046571
342.054877510363610
344.661702940252326
346.347870566009931
347.272677584420478
349.316260870696169
350.408419349192116
351.878649025359266
353.488900488718798
356.017574977264928
357.151302252039613
357.952685101632255
359.743754953114433
361.289361695804644
363.331330578973848
364.736024114088991
366.212710288331323
367.993575481740322
368.968438095734371
370.050919212106010
373.061928372112845
373.864873910908557
375.825912766739350
376.324092230668043
378.436680249965491
379.872975346532371
381.484468617186508
383.443529449536470
384.956116814863663
385.861300845974256
387.222890222388003
388.846128354232235
391.456083563638060
392.245083339519113
393.427743844434019
395.582870010993702
396.381854222592210
